OperationName,Operation
2C6,1.0,-0.0,0.0,0.0,1.0,0.0,0.0,0.0,1.0
2C6,1.0,-0.0,0.0,0.0,1.0,0.0,0.0,0.0,1.0
2C6^2,-1.0,0.0,0.0,-0.0,-1.0,0.0,0.0,0.0,1.0
2C6^2,-1,0,0,0,-1,0,0,0,-1
C2,-0.5,0.866,0.0,-0.866,-0.5,0.0,0.0,0.0,-1.0
i,-0.5,-0.866,0.0,0.866,-0.5,0.0,0.0,0.0,-1.0
S3,0.5,0.866,0.0,-0.866,0.5,0.0,0.0,0.0,-1.0
S3^5,0.5,-0.866,0.0,0.866,0.5,0.0,0.0,0.0,-1.0
S6,1.0,0.0,0.0,0.0,1.0,0.0,0.0,0.0,-1.0
