OperationName,Operation
2C6,0.5,0.866,0.0,-0.866,0.5,0.0,0.0,0.0,1.0
2C6,0.5,-0.866,0.0,0.866,0.5,0.0,0.0,0.0,1.0
2C6^2,-0.5,0.866,0.0,-0.866,-0.5,0.0,0.0,0.0,1.0
2C6^2,-0.5,-0.866,0.0,0.866,-0.5,0.0,0.0,0.0,1.0
C2,-1.0,0.0,0.0,-0.0,-1.0,0.0,0.0,0.0,1.0
