OperationName,Operation
2C6,1.0,-0.0,0.0,0.0,1.0,0.0,0.0,0.0,1.0
2C6,1.0,-0.0,0.0,0.0,1.0,0.0,0.0,0.0,1.0
2C6^2,-1.0,0.0,0.0,-0.0,-1.0,0.0,0.0,0.0,1.0
2C6^2,1.0,0.0,0.0,0.0,-1.0,0.0,0.0,-0.0,-1.0
C2,-0.5,0.866,-0.0,0.866,0.5,0.0,0.0,-0.0,-1.0
3C_2,-0.5,-0.866,-0.0,-0.866,0.5,-0.0,0.0,0.0,-1.0
3C_2,0.5,0.866,-0.0,0.866,-0.5,0.0,0.0,-0.0,-1.0
3C_2,-1.0,0.0,-0.0,0.0,1.0,0.0,0.0,-0.0,-1.0
3C__2,0.5,-0.866,-0.0,-0.866,-0.5,-0.0,0.0,0.0,-1.0
